1001 20190731 4 2
1002 20190731 3 100
1003 20190731 2 40
1004 20190731 2 23
1005 20190731 1 60
1006 20190731 4 4
1007 20190731 2 66
1008 20190731 3 2
1009 20190731 2 99
1010 20190731 4 94
1011 20190731 2 81
1012 20190731 4 33
1013 20190731 3 90
1014 20190731 3 84
1015 20190731 2 99
1016 20190731 1 84
1017 20190731 1 73
1018 20190731 2 79
1019 20190731 1 56
1020 20190731 2 28
1021 20190731 4 38
1022 20190731 4 100
1023 20190731 4 78
1024 20190731 1 35
1025 20190731 2 16
1026 20190731 1 100
1027 20190731 1 84
1028 20190731 2 44
1029 20190731 4 90
1030 20190731 1 89
1031 20190731 1 74
1032 20190731 3 25
1033 20190731 1 19
1034 20190731 2 31
1035 20190731 4 51
1036 20190731 1 69
1037 20190731 3 98
1038 20190731 2 77
1039 20190731 4 96
1040 20190731 3 100
1041 20190731 4 95
1042 20190731 2 53
1043 20190731 3 16
1044 20190731 3 25
1045 20190731 2 9
1046 20190731 1 28
1047 20190731 1 52
1048 20190731 4 80
1049 20190731 4 35
1050 20190731 3 19
1051 20190731 1 87
1052 20190731 2 54
1053 20190731 3 73
1054 20190731 4 85
1055 20190731 1 81
1056 20190731 1 95
1057 20190731 1 86
1058 20190731 3 91
1059 20190731 2 53
1060 20190731 3 6
1061 20190731 3 42
1062 20190731 3 62
1063 20190731 1 24
1064 20190731 3 63
1065 20190731 3 45
1066 20190731 2 41
1067 20190731 4 76
1068 20190731 2 95
1069 20190731 3 78
1070 20190731 1 82
1071 20190731 3 60
1072 20190731 2 79
1073 20190731 4 89
1074 20190731 4 1
1075 20190731 2 23
1076 20190731 1 80
1077 20190731 2 62
1078 20190731 2 7
1079 20190731 1 74
1080 20190731 1 62
1081 20190731 3 6
1082 20190731 1 33
1083 20190731 4 50
1084 20190731 1 29
1085 20190731 3 65
1086 20190731 1 77
1087 20190731 2 3
1088 20190731 1 68
1089 20190731 1 81
1090 20190731 1 84
1091 20190731 3 99
1092 20190731 4 33
1093 20190731 3 91
1094 20190731 2 47
1095 20190731 1 4
1096 20190731 1 77
1097 20190731 2 84
1098 20190731 2 59
1099 20190731 3 26
1100 20190731 2 87
1101 20190801 3 32
1102 20190801 3 87
1103 20190801 3 25
1104 20190801 4 27
1105 20190801 4 22
1106 20190801 2 68
1107 20190801 4 12
1108 20190801 2 27
1109 20190801 2 18
1110 20190801 3 91
1111 20190801 2 7
1112 20190801 4 24
1113 20190801 2 30
1114 20190801 1 60
1115 20190801 4 75
1116 20190801 3 20
1117 20190801 3 71
1118 20190801 1 92
1119 20190801 1 11
1120 20190801 3 98
1121 20190801 2 64
1122 20190801 3 9
1123 20190801 4 38
1124 20190801 3 74
1125 20190801 1 76
1126 20190801 4 10
1127 20190801 1 61
1128 20190801 3 37
1129 20190801 2 64
1130 20190801 3 26
1131 20190801 2 8
1132 20190801 3 35
1133 20190801 1 24
1134 20190801 4 73
1135 20190801 3 49
1136 20190801 4 33
1137 20190801 3 3
1138 20190801 1 36
1139 20190801 1 19
1140 20190801 4 72
1141 20190801 1 37
1142 20190801 3 28
1143 20190801 3 5
1144 20190801 3 52
1145 20190801 3 83
1146 20190801 3 96
1147 20190801 1 83
1148 20190801 1 90
1149 20190801 4 40
1150 20190801 2 33
1151 20190801 3 34
1152 20190801 3 12
1153 20190801 2 86
1154 20190801 1 87
1155 20190801 2 71
1156 20190801 2 79
1157 20190801 1 16
1158 20190801 4 79
1159 20190801 2 73
1160 20190801 1 25
1161 20190801 2 28
1162 20190801 1 64
1163 20190801 2 99
1164 20190801 3 14
1165 20190801 1 98
1166 20190801 2 29
1167 20190801 4 6
1168 20190801 1 91
1169 20190801 3 2
1170 20190801 4 31
1171 20190801 2 20
1172 20190801 4 30
1173 20190801 4 49
1174 20190801 3 41
1175 20190801 1 65
1176 20190801 3 60
1177 20190801 1 15
1178 20190801 1 50
1179 20190801 2 31
1180 20190801 2 27
1181 20190801 4 84
1182 20190801 3 82
1183 20190801 1 68
1184 20190801 1 30
1185 20190801 1 79
1186 20190801 4 41
1187 20190801 4 21
1188 20190801 1 46
1189 20190801 4 85
1190 20190801 2 37
1191 20190801 2 50
1192 20190801 4 34
1193 20190801 4 47
1194 20190801 3 61
1195 20190801 3 73
1196 20190801 4 15
1197 20190801 3 75
1198 20190801 1 73
1199 20190801 3 21
1200 20190801 1 7
1201 20190802 1 78
1202 20190802 1 47
1203 20190802 2 85
1204 20190802 3 59
1205 20190802 2 52
1206 20190802 1 81
1207 20190802 1 52
1208 20190802 3 15
1209 20190802 2 36
1210 20190802 1 30
1211 20190802 4 85
1212 20190802 4 39
1213 20190802 1 28
1214 20190802 3 7
1215 20190802 3 100
1216 20190802 2 47
1217 20190802 3 55
1218 20190802 1 61
1219 20190802 2 99
1220 20190802 3 35
1221 20190802 3 24
1222 20190802 2 29
1223 20190802 2 92
1224 20190802 4 7
1225 20190802 1 88
1226 20190802 3 13
1227 20190802 2 52
1228 20190802 2 53
1229 20190802 1 20
1230 20190802 3 72
1231 20190802 4 15
1232 20190802 4 20
1233 20190802 3 49
1234 20190802 4 90
1235 20190802 4 36
1236 20190802 3 40
1237 20190802 4 5
1238 20190802 4 67
1239 20190802 1 73
1240 20190802 4 39
1241 20190802 1 5
1242 20190802 1 26
1243 20190802 4 87
1244 20190802 2 19
1245 20190802 1 13
1246 20190802 3 37
1247 20190802 4 70
1248 20190802 1 100
1249 20190802 1 50
1250 20190802 3 61
1251 20190802 3 89
1252 20190802 1 40
1253 20190802 1 12
1254 20190802 3 50
1255 20190802 2 30
1256 20190802 1 27
1257 20190802 1 46
1258 20190802 3 96
1259 20190802 3 25
1260 20190802 4 16
1261 20190802 1 8
1262 20190802 1 73
1263 20190802 2 5
1264 20190802 2 46
1265 20190802 1 72
1266 20190802 4 39
1267 20190802 2 35
1268 20190802 4 94
1269 20190802 3 76
1270 20190802 4 25
1271 20190802 3 84
1272 20190802 2 51
1273 20190802 1 23
1274 20190802 3 10
1275 20190802 2 72
1276 20190802 2 73
1277 20190802 4 71
1278 20190802 2 13
1279 20190802 3 58
1280 20190802 3 60
1281 20190802 1 93
1282 20190802 2 20
1283 20190802 3 53
1284 20190802 4 59
1285 20190802 3 95
1286 20190802 2 99
1287 20190802 1 46
1288 20190802 4 25
1289 20190802 1 52
1290 20190802 3 29
1291 20190802 3 63
1292 20190802 3 99
1293 20190802 1 6
1294 20190802 4 83
1295 20190802 1 44
1296 20190802 4 70
1297 20190802 4 73
1298 20190802 3 6
1299 20190802 3 21
1300 20190802 1 91
